95 35 40
57 15 85
7 2 55
74 48 24
41 96 38
71 21 87
46
59
82 63 65
56 53 55
91 44 63
5 67 49
58 75 21
52 66 48
90 6 20
15 55 9
3 31 73
34 25 60
27 56 11
64 68 85
17 89 51
99 60 58
0 78 14
81 37 64
23 5 37
42 24 48
27 5 48
94 42 95
54 98 96
82 58 95
45 85 79
99 73 2
77 33 72
92 10 33
80 15 54
53 16 96
63 44 41
73 86 21
98 28 7
25 36 35
63 89 49
8 36 84
48 74 45
52 70 52
99 98 67
71 43 63
40 22 32
68 67 57
43 89 0
11 90 54
67 54 54
54 18 42
56 37 60
13 54 11
30 76 37
5 13 86
25 80 0
71 5 72
39 50 33
50 56 79
9 25 98
66 46 5
63 72 75
37 26 5
10 15 96
57 15 34
58 27 62
23 32 94
16 31 53
26 22 27
15 72 5
33 36 81
73 31 44
80 32 25
53 16 74
76 25 15
95 60 7
74 28 17
17 77 42
13 95 11
31 53 8
93 94 63
13 54 89
95 98 51
5 28 77
60 89 45
52 71 39
15 55 26
56 62 78
99 59 11
19 8 99
68 75 48
24 58 25
93 35 34
4 66 40
35 31 35
93 51 57
43 52 20
30 65 94
65 87 44
50 41 69
8 20 83
68 36 14
87 29 50
2 91 22
71 18 90
6 55 68
57 65 49
2 55 20
86 81 74
24 92 65
7 51 81
4 18 52
25 54 73
76 97 8
19 89 48
59 92 90
47 56 40
11 39 65
23 38 33
7 79 18
87 90 71
35 14 52
70 66 15
2 65 47
54 15 10
88 75 18
2 0 23
47 47 43
31 17 17
31 2 46
41 72 9
50 24 84
75 16 7
67 39 87
35 81 89
12 95 11
30 89 35
79 75 22
67 54 72
37 56 68
2 63 63
35 35 5
40 55 47
36 36 50
27 41 14
82 86 39
82 31 56
30 64 99
46 76 96
47 9 10
81 84 91
6 55 1
7 18 91
35 0 68
42 91 76
31 87 46
45 20 85
31 61 42
20 60 94
99 69 2
88 88 24
7 42 47
1 76 66
23 34 72
13 91 81
78 83 63
33 34 14
35 25 71
21 25 24
59 59 25
98 16 88
95 76 57
47 37 94
44 89 54
53 6 87
70 83 12
6 79 53
97 26 15
65 91 76
51 87 51
63 47 37
23 53 23
81 23 11
89 98 99